CACHE type 5 produced by analog 6.0/Unix. Do not modify or delete!
T	0	0	12	6	1	47	12601
D	25701348	25703968
17848	45	3	0	218
17848	46	1	0	64
17848	69	5	3	9856
17848	74	1	1	821
17849	255	1	1	821
17849	281	1	1	821
1	0	0	0	3	0	0	25701467	0	0	25701466	0	/Dashboard_files/monosocialiconsfont.css
1	0	0	0	2	0	0	25701467	0	0	25701466	0	/Dashboard_files/font-awesome.min.css
1	2	0	0	0	25701348	0	0	25701348	0	0	154	/.well-known/pki-validation/2E6FB95BAF22E4F3203EC24E0718229C.txt
1	0	0	0	2	0	0	25701467	0	0	25701466	0	/Dashboard_files/modernizr.min.js.download
1	0	0	0	2	0	0	25701467	0	0	25701466	0	/Dashboard_files/morris.css
1	0	0	0	2	0	0	25701467	0	0	25701466	0	/Dashboard_files/slick.min.css
1	0	0	0	2	0	0	25701467	0	0	25701466	0	/Dashboard_files/slick-theme.min.css
1	1	0	0	0	25701348	0	0	25701348	0	0	64	/.well-known/pki-validation/AF03B46A3EA681158D40F7C9443ADE26.txt
1	0	0	0	2	0	0	25701467	0	0	25701466	0	/Dashboard_files/perfect-scrollbar.min.css
1	0	0	0	2	0	0	25701467	0	0	25701466	0	/Dashboard_files/weather-icons-wind.min.css
1	1	0	0	0	25701352	0	0	25701352	0	0	64	/.well-known/pki-validation/30DE5E5EA16406332BA73BEE094CBE1C.txt
1	0	0	0	2	0	0	25701467	0	0	25701466	0	/Dashboard_files/sweetalert2.css
1	0	0	0	2	0	0	25701467	0	0	25701466	0	/Dashboard_files/magnific-popup.min.css
1	5	5	1	0	25703968	25701474	0	25701466	25701474	0	3284	/
1	0	0	0	2	0	0	25701467	0	0	25701466	0	/Dashboard_files/css(2)
1	0	0	0	2	0	0	25701467	0	0	25701466	0	/css/custom.css
1	1	1	0	0	25703837	0	0	25703837	0	0	821	/?91.199.212.132
1	0	0	0	2	0	0	25701467	0	0	25701466	0	/Dashboard_files/mediaelementplayer.min.css
1	0	0	0	3	0	0	25701467	0	0	25701466	0	/Dashboard_files/material-icons.css
1	0	0	0	2	0	0	25701493	0	0	25701466	0	/favicon.ico
1	0	0	0	2	0	0	25701467	0	0	25701466	0	/Dashboard_files/pace.min.js.download
1	0	0	0	3	0	0	25701467	0	0	25701466	0	/Dashboard_files/css(1)
1	0	0	0	2	0	0	25701467	0	0	25701466	0	/css/jquery-ui.min.css
1	0	0	0	2	0	0	25701467	0	0	25701466	0	/Dashboard_files/weather-icons.min.css
1	0	0	0	2	0	0	25701467	0	0	25701466	0	/Dashboard_files/daterangepicker.min.css
1	0	0	0	2	0	0	25701467	0	0	25701466	0	/Dashboard_files/css
1	2	0	0	0	25701467	0	0	25701466	0	0	8214	/public-profile-merchnat.php
1	0	0	0	2	0	0	25701467	0	0	25701466	0	/Dashboard_files/style.css
3	2	0	0	1	25701467	0	25701466	25701466	0	25701466	8214	http://member1.koofamilies.com/
3	0	0	0	1	0	0	25701493	0	0	25701493	0	http://member1.koofamilies.com//
3	1	1	0	45	25701466	0	25701467	25701466	0	25701466	821	http://member1.koofamilies.com/public-profile-merchnat.php
4	2	2	0	0	25703968	0	0	25703837	0	0	1642	Mozilla/5.0 (X11; Ubuntu; Linux x86_64; rv:58.0) Gecko/20100101 Firefox/58.0
4	4	0	0	0	25701352	0	0	25701348	0	0	282	COMODO DCV
4	1	1	0	1	25701466	0	25701466	25701466	0	25701466	821	Mozilla/5.0 (Windows NT 6.1; WOW64; rv:33.0) Gecko/20100101 Firefox/33.0
4	4	2	1	45	25701467	25701474	25701467	25701466	25701474	25701466	9035	Mozilla/5.0 (Windows NT 10.0; Win64; x64) AppleWebKit/537.36 (KHTML, like Gecko) Chrome/70.0.3538.77 Safari/537.36
4	1	1	0	1	25701493	0	25701493	25701493	0	25701493	821	Mozilla/5.0 (Linux; U; Android 8.1.0; en-in; Redmi Note 5 Pro Build/OPM1.171019.011) AppleWebKit/537.36 (KHTML, like Gecko) Version/4.0 Chrome/61.0.3163.128 Mobile Safari/537.36 XiaoMi/MiuiBrowser/10.1.2
5	1	1	0	0	25703968	0	0	25703968	0	0	821	212.83.146.233
5	2	0	0	0	25701352	0	0	25701348	0	0	128	166.62.120.154
5	1	1	0	0	25701466	0	0	25701466	0	0	821	159.203.42.143
5	4	2	1	46	25701493	25701474	25701493	25701466	25701474	25701466	9856	106.223.49.176
5	0	0	0	1	0	0	25701466	0	0	25701466	0	159.203.81.93
5	1	1	0	0	25701466	0	0	25701466	0	0	0	207.241.225.215
5	1	1	0	0	25703837	0	0	25703837	0	0	821	195.154.61.206
5	2	0	0	0	25701348	0	0	25701348	0	0	154	91.199.212.132
z	0	1	1	25701466	0
z	2	4	0	25701352	282
z	3	5	5	25703968	4105
z	4	2	0	25701467	8214
c	200	12	25703968
c	302	1	25701474
c	404	47	25701493
