CACHE type 5 produced by analog 6.0/Unix. Do not modify or delete!
T	0	0	11	5	0	4	18093
D	25701352	25703883
17848	46	5	0	14044
17848	47	1	0	49
17848	54	1	1	800
17848	65	1	1	800
17848	74	1	1	800
17849	226	1	1	800
17849	264	1	1	800
1	1	1	0	0	25703691	0	0	25703691	0	0	800	/?64.233.173.28
1	4	4	0	0	25703883	0	0	25701391	0	0	3200	/
1	2	0	0	0	25701354	0	0	25701352	0	0	13826	/cgi-sys/defaultwebpage.cgi
1	1	0	0	0	25701352	0	0	25701352	0	0	64	/.well-known/pki-validation/3BB1F058613E860283091B2FBF50B3B6.txt
1	0	0	0	3	0	0	25701493	0	0	25701391	0	/favicon.ico
1	0	0	0	1	0	0	25701355	0	0	25701355	0	/index.php
1	1	0	0	0	25701355	0	0	25701355	0	0	49	/INDEX.PHP
1	2	0	0	0	25701352	0	0	25701352	0	0	154	/.well-known/pki-validation/1475CADF837876D9D8121A430CF39184.txt
3	2	0	0	0	25701354	0	0	25701352	0	0	13826	http://jay.koofamilies.com/
3	0	0	0	3	0	0	25701493	0	0	25701391	0	http://jay.koofamilies.com//
4	2	2	0	0	25703883	0	0	25703691	0	0	1600	Mozilla/5.0 (X11; Ubuntu; Linux x86_64; rv:58.0) Gecko/20100101 Firefox/58.0
4	3	0	0	0	25701352	0	0	25701352	0	0	218	COMODO DCV
4	1	1	0	1	25701449	0	25701449	25701449	0	25701449	800	Mozilla/5.0 (Linux; Android 7.1.1; SM-C900F Build/NMF26X) AppleWebKit/537.36 (KHTML, like Gecko) Chrome/65.0.3325.109 Mobile Safari/537.36
4	3	0	0	1	25701355	0	25701355	25701352	0	25701355	13875	Mozilla/5.0 (Windows NT 10.0; Win64; x64) AppleWebKit/537.36 (KHTML, like Gecko) Chrome/70.0.3538.77 Safari/537.36
4	2	2	0	2	25701493	0	25701493	25701391	0	25701391	1600	Mozilla/5.0 (Linux; U; Android 8.1.0; en-in; Redmi Note 5 Pro Build/OPM1.171019.011) AppleWebKit/537.36 (KHTML, like Gecko) Version/4.0 Chrome/61.0.3163.128 Mobile Safari/537.36 XiaoMi/MiuiBrowser/10.1.2
5	1	1	0	0	25703691	0	0	25703691	0	0	800	212.83.146.233
5	1	0	0	0	25701352	0	0	25701352	0	0	64	166.62.120.154
5	5	2	0	3	25701493	0	25701493	25701352	0	25701355	15475	106.223.49.176
5	1	1	0	0	25703883	0	0	25703883	0	0	800	195.154.61.206
5	2	0	0	0	25701352	0	0	25701352	0	0	154	91.199.212.132
5	1	1	0	1	25701449	0	25701449	25701449	0	25701449	800	64.233.173.28
z	2	4	0	25701355	267
z	3	5	5	25703883	4000
z	4	2	0	25701354	13826
c	200	11	25703883
c	404	4	25701493
